Nhost = 50
Acrda.server.sinrThresh_dB = -1

Arrival rate		10		20		30		40		50		60		80		100		200
--------------------------------------------------------------------------------------------
E-SSA SF			4-6		8		19-30	27		28		28		31		32		35
E-SSA thrpt			9.96-10	19.94	29.5-30	36.73	35.5	35.51	31.96	31.06	28.4
--------------------------------------------------------------------------------------------
ACRDA nRep			2		2		2		2		2		2		2		2		2
ACRDA nSlots		80		90		88		90		92		96 		90		90		88
ACRDA thrpt			6.6		6.65	6.6		6.65	6.6		6.6		6.5		6.5		6.6
--------------------------------------------------------------------------------------------
nRep				2		2		2				2				2				2
nSlot				10		25		25				25				26				26
SF					2		2		2				2				2				2
thrpt				9.96	18.5	18.6			18.4			18.3			17.9
--------------------------------------------------------------------------------------------
nRep				2		2		2				2				2				2
nSlot				2		6		6				6				7				7
SF					8 		8 		8 		8 		8 				8 		 		8
thrpt				9.97	19.4	18.5			17.7			17.75			17.55
--------------------------------------------------------------------------------------------
nRep				2
nSlot				3-20	11		12				12				12				12
SF					4
thrpt				9.98	19.6	20.2			20.1			20.1			19